epoch,time,train/box_loss,train/cls_loss,train/dfl_loss,metrics/precision(B),metrics/recall(B),metrics/mAP50(B),metrics/mAP50-95(B),val/box_loss,val/cls_loss,val/dfl_loss,lr/pg0,lr/pg1,lr/pg2
1,66.3625,1.73197,3.28799,0.01185,0.13479,0.19234,0.05118,0.01746,2.46821,4.63469,0.02997,0.000331418,0.000331418,0.0671897
2,132.174,1.6547,2.03229,0.01122,0.5368,0.50366,0.49613,0.25878,1.53756,1.81884,0.01577,0.000664733,0.000664733,0.0341896
3,196.186,1.61954,1.7568,0.01096,0.57703,0.57922,0.57579,0.32252,1.53003,1.56706,0.01584,0.000997976,0.000997976,0.00118955
4,258.049,1.60523,1.6278,0.01089,0.63865,0.58106,0.62128,0.34611,1.5549,1.51417,0.01636,0.000999756,0.000999756,0.000999756
5,320.714,1.57044,1.52368,0.01064,0.67777,0.65372,0.69055,0.38453,1.52793,1.31705,0.0155,0.000999566,0.000999566,0.000999566
6,386.639,1.55215,1.4186,0.01056,0.7533,0.68263,0.74691,0.41933,1.48168,1.16184,0.01489,0.000999322,0.000999322,0.000999322
7,452.857,1.54117,1.39545,0.01023,0.72268,0.67598,0.72827,0.41466,1.45694,1.24353,0.01475,0.000999023,0.000999023,0.000999023
8,521.901,1.53349,1.3037,0.01014,0.76043,0.70919,0.77247,0.43578,1.46127,1.12174,0.01461,0.000998671,0.000998671,0.000998671
9,587.674,1.52695,1.27915,0.01006,0.75994,0.70984,0.7618,0.43866,1.47006,1.1129,0.01493,0.000998264,0.000998264,0.000998264
10,652.303,1.48876,1.184,0.00979,0.80104,0.72294,0.80595,0.46325,1.43695,0.98583,0.01426,0.000997803,0.000997803,0.000997803
11,715.879,1.46843,1.18937,0.00965,0.75957,0.68522,0.75468,0.44405,1.42277,1.12322,0.01381,0.000997288,0.000997288,0.000997288
12,778.319,1.48172,1.18458,0.00971,0.80676,0.74179,0.81671,0.4773,1.40899,0.9509,0.01417,0.00099672,0.00099672,0.00099672
13,842.922,1.47085,1.12379,0.00952,0.78549,0.72107,0.79828,0.46715,1.43525,1.0443,0.01413,0.000996097,0.000996097,0.000996097
14,910.34,1.44948,1.09732,0.00956,0.80744,0.74803,0.82026,0.49294,1.35516,0.90897,0.01323,0.00099542,0.00099542,0.00099542
15,979.227,1.44236,1.10813,0.00962,0.82614,0.72134,0.81206,0.48835,1.42065,0.95301,0.01418,0.00099469,0.00099469,0.00099469
16,1046.02,1.43796,1.08742,0.00936,0.81216,0.78055,0.83248,0.49966,1.37099,0.90315,0.01383,0.000993906,0.000993906,0.000993906
17,1109.52,1.41586,1.05805,0.00905,0.81958,0.77912,0.85132,0.51204,1.3268,0.85638,0.01255,0.000993068,0.000993068,0.000993068
18,1172.25,1.42603,1.00538,0.00929,0.84676,0.76234,0.84778,0.51341,1.36073,0.82825,0.01338,0.000992177,0.000992177,0.000992177
19,1234.36,1.39348,1.00589,0.00917,0.84245,0.77971,0.85454,0.50715,1.37141,0.82997,0.01367,0.000991232,0.000991232,0.000991232
20,1301.05,1.39603,1.03839,0.00904,0.82074,0.78558,0.8523,0.49661,1.4391,0.8796,0.01439,0.000990234,0.000990234,0.000990234
21,1369.05,1.38555,0.97457,0.00888,0.84407,0.79411,0.84592,0.51304,1.33482,0.83896,0.0129,0.000989183,0.000989183,0.000989183
22,1429.83,1.38749,0.97052,0.00882,0.85391,0.82145,0.8737,0.53585,1.35308,0.79547,0.0127,0.000988079,0.000988079,0.000988079
23,1484.47,1.39197,0.94016,0.00898,0.85757,0.82739,0.89118,0.54862,1.31746,0.70736,0.01332,0.000986922,0.000986922,0.000986922
24,1535.55,1.37334,0.93038,0.00865,0.85819,0.82172,0.88163,0.55029,1.30514,0.73948,0.01275,0.000985711,0.000985711,0.000985711
25,1587.96,1.3698,0.91361,0.00888,0.84797,0.76734,0.83818,0.51246,1.33887,0.81054,0.01274,0.000984449,0.000984449,0.000984449
26,1652.13,1.35327,0.90587,0.00846,0.84327,0.80856,0.87309,0.54238,1.31977,0.73626,0.01291,0.000983133,0.000983133,0.000983133
27,1718.1,1.36303,0.90508,0.00869,0.87119,0.77122,0.86438,0.53349,1.3543,0.81255,0.01322,0.000981765,0.000981765,0.000981765
28,1783.22,1.35219,0.92566,0.00854,0.87269,0.82073,0.88192,0.54951,1.29335,0.74617,0.01217,0.000980345,0.000980345,0.000980345
29,1848.31,1.35758,0.88791,0.00873,0.86582,0.77839,0.85773,0.5302,1.3504,0.81078,0.01301,0.000978873,0.000978873,0.000978873
30,1913.32,1.34099,0.89532,0.00854,0.86446,0.81766,0.87738,0.54448,1.30406,0.72917,0.01235,0.000977349,0.000977349,0.000977349
31,1978.98,1.31842,0.85438,0.00844,0.86729,0.81325,0.88201,0.5582,1.29527,0.71849,0.01237,0.000975773,0.000975773,0.000975773
32,2043.61,1.34031,0.87496,0.00841,0.8643,0.81641,0.87691,0.54863,1.31818,0.73261,0.01246,0.000974145,0.000974145,0.000974145
33,2106.9,1.33246,0.84349,0.00851,0.85996,0.81754,0.88178,0.55331,1.30164,0.72743,0.01218,0.000972466,0.000972466,0.000972466
34,2168.63,1.31832,0.8462,0.00821,0.84599,0.83346,0.8796,0.54366,1.32984,0.695,0.01259,0.000970736,0.000970736,0.000970736
35,2230.78,1.3252,0.84186,0.00826,0.88951,0.8325,0.90064,0.57177,1.29509,0.67868,0.01219,0.000968955,0.000968955,0.000968955
36,2294.74,1.31816,0.82916,0.00813,0.88471,0.8493,0.90344,0.57332,1.26858,0.68211,0.01195,0.000967122,0.000967122,0.000967122
37,2361.34,1.32133,0.81926,0.00824,0.86942,0.83925,0.90093,0.57778,1.26495,0.65574,0.01181,0.000965239,0.000965239,0.000965239
38,2428.03,1.3262,0.8434,0.00826,0.88158,0.82845,0.89178,0.56676,1.28774,0.66508,0.01235,0.000963306,0.000963306,0.000963306
39,2492.6,1.30695,0.81001,0.00807,0.88274,0.82777,0.89114,0.56358,1.28997,0.69949,0.0123,0.000961322,0.000961322,0.000961322
40,2555.01,1.29663,0.82844,0.0081,0.87333,0.84558,0.89608,0.56758,1.28384,0.67928,0.01196,0.000959289,0.000959289,0.000959289
41,2616.97,1.30071,0.82505,0.00807,0.88195,0.79862,0.87436,0.55615,1.28468,0.78204,0.01218,0.000957205,0.000957205,0.000957205
42,2679.39,1.28184,0.78531,0.00802,0.90035,0.85181,0.91703,0.58664,1.28455,0.59638,0.01233,0.000955072,0.000955072,0.000955072
43,2745.9,1.30097,0.79346,0.00807,0.89047,0.85764,0.91419,0.59715,1.22892,0.63649,0.01145,0.000952889,0.000952889,0.000952889
44,2813.49,1.28063,0.78947,0.00788,0.8855,0.83845,0.90131,0.58968,1.24319,0.64627,0.01171,0.000950658,0.000950658,0.000950658
45,2881.04,1.29667,0.79702,0.00821,0.8641,0.87481,0.90856,0.58331,1.2695,0.618,0.01187,0.000948377,0.000948377,0.000948377
46,2943.27,1.29252,0.77222,0.00779,0.87407,0.85378,0.89715,0.57509,1.27232,0.66475,0.0119,0.000946048,0.000946048,0.000946048
47,3005.6,1.26244,0.78772,0.00777,0.89221,0.82466,0.90382,0.5926,1.23085,0.67371,0.01159,0.000943671,0.000943671,0.000943671
48,3066.89,1.27422,0.77011,0.00772,0.88113,0.83633,0.90492,0.57315,1.27438,0.64195,0.01218,0.000941245,0.000941245,0.000941245
49,3130.97,1.28625,0.77651,0.00788,0.88987,0.85153,0.90614,0.58836,1.2398,0.6324,0.01135,0.000938772,0.000938772,0.000938772
50,3198.57,1.25744,0.74229,0.00775,0.90063,0.83459,0.91271,0.58952,1.2348,0.63368,0.01182,0.000936251,0.000936251,0.000936251
51,3266.09,1.28067,0.75155,0.00794,0.89535,0.85994,0.91949,0.60302,1.20805,0.62042,0.01126,0.000933683,0.000933683,0.000933683
52,3332.34,1.26662,0.73489,0.00784,0.89404,0.86004,0.91785,0.59979,1.21329,0.6033,0.01121,0.000931067,0.000931067,0.000931067
53,3393.36,1.24779,0.71398,0.00772,0.90414,0.8627,0.9163,0.59584,1.23386,0.57489,0.01133,0.000928405,0.000928405,0.000928405
54,3454.81,1.24169,0.73535,0.00775,0.90044,0.83692,0.91141,0.59443,1.22357,0.65022,0.01142,0.000925697,0.000925697,0.000925697
55,3517.37,1.25494,0.73079,0.00791,0.90252,0.87121,0.92269,0.59392,1.23634,0.58299,0.01151,0.000922942,0.000922942,0.000922942
56,3584.12,1.23335,0.72253,0.00773,0.87729,0.88526,0.91984,0.60781,1.18785,0.59548,0.01091,0.000920142,0.000920142,0.000920142
57,3651.47,1.25542,0.72231,0.00761,0.91765,0.85836,0.92377,0.60637,1.19578,0.58297,0.01107,0.000917296,0.000917296,0.000917296
58,3719.37,1.24609,0.707,0.0075,0.91145,0.86935,0.92484,0.60683,1.21448,0.59269,0.01139,0.000914405,0.000914405,0.000914405
59,3781.04,1.23242,0.70952,0.00755,0.91685,0.87811,0.92604,0.61688,1.2008,0.55924,0.01105,0.000911469,0.000911469,0.000911469
60,3841.52,1.22054,0.69506,0.00741,0.88904,0.87226,0.91955,0.59908,1.2211,0.58086,0.01099,0.000908488,0.000908488,0.000908488
61,3903.8,1.22774,0.68874,0.00746,0.90153,0.87498,0.91721,0.60053,1.21802,0.57982,0.01156,0.000905463,0.000905463,0.000905463
62,3968.17,1.21504,0.69461,0.00729,0.9091,0.87416,0.92536,0.61222,1.19857,0.56123,0.01099,0.000902395,0.000902395,0.000902395
63,4035.98,1.23392,0.68942,0.00739,0.91499,0.87194,0.92688,0.61116,1.19962,0.54099,0.01107,0.000899282,0.000899282,0.000899282
64,4103.3,1.216,0.68531,0.00735,0.88578,0.88526,0.92399,0.61061,1.19823,0.57565,0.011,0.000896127,0.000896127,0.000896127
65,4169.19,1.22974,0.68,0.00753,0.90882,0.87473,0.92299,0.61329,1.21815,0.55929,0.01126,0.000892928,0.000892928,0.000892928
66,4231.37,1.22427,0.68418,0.00736,0.9138,0.87709,0.92568,0.61815,1.18652,0.5538,0.01082,0.000889687,0.000889687,0.000889687
67,4292.17,1.19446,0.66092,0.00724,0.91384,0.86748,0.92478,0.61563,1.18876,0.54751,0.01103,0.000886404,0.000886404,0.000886404
68,4355.71,1.19925,0.67047,0.0073,0.90618,0.88265,0.92727,0.61525,1.18999,0.5655,0.01096,0.000883079,0.000883079,0.000883079
69,4421.68,1.20029,0.66546,0.00722,0.90191,0.888,0.92864,0.60783,1.19819,0.56042,0.01086,0.000879713,0.000879713,0.000879713
70,4488.62,1.22048,0.66945,0.00742,0.89889,0.90323,0.94034,0.6227,1.17238,0.54553,0.01071,0.000876305,0.000876305,0.000876305
71,4555.81,1.1933,0.64271,0.00726,0.9197,0.88928,0.93325,0.61428,1.19555,0.5429,0.01095,0.000872857,0.000872857,0.000872857
72,4619.49,1.20418,0.65633,0.00753,0.89952,0.88887,0.93252,0.62195,1.18168,0.53625,0.01075,0.000869368,0.000869368,0.000869368
73,4680.43,1.20789,0.67124,0.00727,0.8991,0.89021,0.92663,0.6248,1.16458,0.54714,0.01065,0.000865839,0.000865839,0.000865839
74,4741.91,1.21253,0.67072,0.00725,0.91919,0.87812,0.92773,0.612,1.18797,0.55647,0.01092,0.000862271,0.000862271,0.000862271
75,4805.99,1.18983,0.64078,0.00721,0.90993,0.88427,0.92551,0.62083,1.17108,0.54018,0.01073,0.000858664,0.000858664,0.000858664
76,4872.12,1.17329,0.63666,0.00708,0.92155,0.88638,0.93271,0.62666,1.16154,0.53345,0.01045,0.000855018,0.000855018,0.000855018
77,4939.19,1.19451,0.65093,0.00734,0.92156,0.88745,0.93242,0.62355,1.16585,0.55921,0.01079,0.000851333,0.000851333,0.000851333
78,5005.89,1.18285,0.63699,0.00718,0.92295,0.88222,0.93137,0.62174,1.1791,0.53183,0.01083,0.000847611,0.000847611,0.000847611
79,5068.92,1.17489,0.62949,0.00705,0.92705,0.88339,0.9333,0.62138,1.18674,0.54816,0.01068,0.000843851,0.000843851,0.000843851
80,5129.98,1.18078,0.61867,0.00705,0.91391,0.87142,0.92652,0.61741,1.17542,0.54613,0.01078,0.000840054,0.000840054,0.000840054
81,5192.51,1.17612,0.62953,0.00711,0.92776,0.87437,0.93165,0.62211,1.17831,0.53668,0.0108,0.00083622,0.00083622,0.00083622
82,5257.38,1.18014,0.62943,0.00705,0.9284,0.88138,0.9347,0.63087,1.16103,0.52993,0.01054,0.000832349,0.000832349,0.000832349
83,5325.13,1.18172,0.62034,0.007,0.93444,0.89209,0.93736,0.62925,1.15173,0.52157,0.01027,0.000828443,0.000828443,0.000828443
84,5391.11,1.15738,0.61331,0.00712,0.92194,0.90666,0.93875,0.62671,1.17114,0.52577,0.01067,0.000824502,0.000824502,0.000824502
85,5456.48,1.17268,0.63289,0.0071,0.91886,0.88315,0.93424,0.62834,1.1687,0.54226,0.01068,0.000820525,0.000820525,0.000820525
86,5519.92,1.15729,0.61047,0.00683,0.93387,0.88864,0.93894,0.63037,1.16358,0.52477,0.0106,0.000816514,0.000816514,0.000816514
87,5585.75,1.16852,0.61377,0.00702,0.92804,0.87743,0.92879,0.62696,1.16278,0.53547,0.01071,0.000812468,0.000812468,0.000812468
88,5652.02,1.16693,0.62715,0.00689,0.92918,0.87547,0.93276,0.62768,1.16659,0.52468,0.01065,0.000808389,0.000808389,0.000808389
89,5714.54,1.15141,0.61898,0.00695,0.92584,0.90217,0.94067,0.63054,1.16646,0.50671,0.01069,0.000804277,0.000804277,0.000804277
90,5775.46,1.14963,0.62117,0.00689,0.91761,0.91034,0.93597,0.63619,1.15148,0.50927,0.01046,0.000800131,0.000800131,0.000800131
91,5838.41,1.15351,0.60432,0.00693,0.94044,0.88935,0.94438,0.64209,1.142,0.51008,0.01025,0.000795954,0.000795954,0.000795954
92,5903.86,1.14654,0.58618,0.00676,0.92439,0.88935,0.93361,0.63487,1.14356,0.53732,0.01029,0.000791744,0.000791744,0.000791744
93,5970.66,1.15082,0.6091,0.00684,0.9299,0.89376,0.9341,0.63479,1.15318,0.51351,0.01051,0.000787503,0.000787503,0.000787503
94,6036.77,1.13464,0.58209,0.00674,0.92589,0.88978,0.9324,0.64095,1.13592,0.51419,0.01025,0.000783231,0.000783231,0.000783231
95,6099.42,1.13902,0.57751,0.0067,0.91396,0.89229,0.93532,0.64032,1.14861,0.52707,0.01031,0.000778929,0.000778929,0.000778929
96,6161.52,1.1442,0.60845,0.00683,0.92243,0.89726,0.9388,0.63853,1.15066,0.51621,0.01032,0.000774596,0.000774596,0.000774596
97,6222.91,1.14439,0.59051,0.00673,0.92318,0.89741,0.93396,0.63204,1.15301,0.50578,0.01038,0.000770234,0.000770234,0.000770234
98,6287.66,1.16099,0.62362,0.0067,0.93124,0.89544,0.93594,0.63204,1.14907,0.49896,0.01049,0.000765843,0.000765843,0.000765843
99,6355.63,1.13441,0.586,0.00657,0.91578,0.89313,0.93648,0.63455,1.15198,0.50687,0.01043,0.000761423,0.000761423,0.000761423
100,6422.33,1.13728,0.59176,0.00689,0.92349,0.89774,0.93905,0.63862,1.14685,0.49796,0.01043,0.000756976,0.000756976,0.000756976
101,6486.04,1.12837,0.57607,0.00668,0.93278,0.89779,0.94394,0.63818,1.14357,0.4886,0.01042,0.0007525,0.0007525,0.0007525
102,6547.57,1.12959,0.57896,0.00659,0.91789,0.90209,0.94071,0.63988,1.13263,0.50011,0.01025,0.000747997,0.000747997,0.000747997
103,6609.73,1.11507,0.569,0.0066,0.92713,0.89571,0.94022,0.64115,1.13166,0.49708,0.01022,0.000743468,0.000743468,0.000743468
104,6672.58,1.10066,0.56875,0.00652,0.93235,0.89305,0.93524,0.64155,1.13365,0.5075,0.01032,0.000738913,0.000738913,0.000738913
105,6740.37,1.11745,0.56929,0.00653,0.93281,0.88915,0.93975,0.63791,1.13794,0.51417,0.01034,0.000734332,0.000734332,0.000734332
106,6808.71,1.11309,0.5793,0.00655,0.91151,0.89878,0.93467,0.6423,1.13388,0.5095,0.01031,0.000729725,0.000729725,0.000729725
107,6872.51,1.11168,0.5687,0.00657,0.94215,0.87842,0.93758,0.63655,1.14997,0.50212,0.01053,0.000725094,0.000725094,0.000725094
108,6933.81,1.10216,0.55923,0.00642,0.92819,0.89701,0.93974,0.64001,1.13693,0.50585,0.01042,0.000720439,0.000720439,0.000720439
109,6995.19,1.11699,0.55434,0.00655,0.93138,0.89709,0.93844,0.64219,1.12881,0.49869,0.01031,0.000715761,0.000715761,0.000715761
110,7059.63,1.10975,0.54144,0.00642,0.92461,0.90912,0.94049,0.6415,1.12746,0.50972,0.01019,0.000711059,0.000711059,0.000711059
111,7125.11,1.1154,0.55521,0.00632,0.93722,0.88601,0.9391,0.64189,1.12642,0.50165,0.01026,0.000706335,0.000706335,0.000706335
112,7192.5,1.0929,0.55115,0.00645,0.93343,0.88937,0.9391,0.641,1.12519,0.51538,0.01018,0.000701588,0.000701588,0.000701588
113,7258.65,1.08654,0.53282,0.00626,0.9207,0.89481,0.93815,0.63881,1.12829,0.51388,0.01026,0.00069682,0.00069682,0.00069682
114,7319.95,1.08853,0.5321,0.00632,0.92506,0.9,0.93651,0.63804,1.12764,0.51764,0.0103,0.000692031,0.000692031,0.000692031
115,7380.11,1.08433,0.53313,0.00635,0.91986,0.89571,0.92972,0.63665,1.12721,0.52056,0.01033,0.000687222,0.000687222,0.000687222
116,7443.43,1.07954,0.54297,0.0064,0.91971,0.90074,0.93271,0.63829,1.12177,0.51554,0.01024,0.000682392,0.000682392,0.000682392
117,7508.3,1.08545,0.53291,0.00646,0.92186,0.89639,0.9378,0.64025,1.12394,0.51548,0.01015,0.000677543,0.000677543,0.000677543
118,7575.53,1.07851,0.53994,0.00631,0.9289,0.89191,0.93422,0.63931,1.12567,0.51512,0.01015,0.000672675,0.000672675,0.000672675
119,7641.42,1.07995,0.5252,0.00631,0.93367,0.89059,0.93586,0.64158,1.11833,0.51652,0.01014,0.000667789,0.000667789,0.000667789
120,7704.3,1.07916,0.52977,0.00631,0.9315,0.89175,0.93764,0.64198,1.11822,0.50016,0.01011,0.000662885,0.000662885,0.000662885
121,7764.94,1.06322,0.52828,0.00611,0.92665,0.90311,0.93897,0.64163,1.11855,0.49653,0.01007,0.000657963,0.000657963,0.000657963
122,7827.57,1.05967,0.53083,0.00613,0.93712,0.90144,0.9386,0.64209,1.11987,0.49635,0.01009,0.000653025,0.000653025,0.000653025
123,7892.29,1.0716,0.51472,0.00624,0.91428,0.91715,0.94096,0.64114,1.12175,0.50175,0.01006,0.000648071,0.000648071,0.000648071
124,7958.12,1.08349,0.52656,0.00625,0.93237,0.90181,0.94135,0.63925,1.1193,0.50213,0.01007,0.000643101,0.000643101,0.000643101
125,8024.6,1.06707,0.51638,0.00612,0.93069,0.90618,0.94057,0.64144,1.12092,0.49199,0.01005,0.000638115,0.000638115,0.000638115
126,8089.69,1.05188,0.50235,0.00612,0.92535,0.91015,0.93942,0.64246,1.11396,0.48696,0.00997,0.000633115,0.000633115,0.000633115
127,8150.93,1.05916,0.50492,0.00606,0.93242,0.89715,0.9376,0.64142,1.11217,0.49833,0.00988,0.000628101,0.000628101,0.000628101
128,8211.72,1.05249,0.51643,0.00607,0.92432,0.90163,0.93487,0.64251,1.11044,0.49336,0.00994,0.000623074,0.000623074,0.000623074
129,8275.42,1.05146,0.51147,0.00603,0.93706,0.89332,0.9378,0.64342,1.11029,0.49057,0.01002,0.000618034,0.000618034,0.000618034
130,8340.54,1.04916,0.49819,0.00606,0.93433,0.89652,0.93715,0.6418,1.11443,0.49711,0.01012,0.000612981,0.000612981,0.000612981
131,8407.54,1.06474,0.51634,0.00605,0.92373,0.90116,0.93615,0.64266,1.11587,0.49667,0.01009,0.000607916,0.000607916,0.000607916
132,8474.09,1.04788,0.4984,0.00612,0.93793,0.90278,0.93728,0.6418,1.11719,0.49274,0.01011,0.00060284,0.00060284,0.00060284
133,8536.41,1.04224,0.49584,0.00607,0.93345,0.91082,0.93682,0.64185,1.12119,0.49027,0.01011,0.000597754,0.000597754,0.000597754
134,8597.13,1.04292,0.49969,0.00603,0.93037,0.91127,0.9373,0.64077,1.12688,0.48321,0.0102,0.000592657,0.000592657,0.000592657
135,8659.94,1.03414,0.48824,0.00596,0.93203,0.91006,0.93843,0.64072,1.12494,0.49301,0.0101,0.000587551,0.000587551,0.000587551
136,8724.35,1.03584,0.48933,0.00589,0.93982,0.89722,0.93634,0.64162,1.12252,0.49262,0.01008,0.000582435,0.000582435,0.000582435
137,8791.13,1.04728,0.50253,0.00599,0.9289,0.90697,0.93695,0.6427,1.12523,0.48483,0.01007,0.000577311,0.000577311,0.000577311
138,8858.05,1.04032,0.48512,0.00597,0.93567,0.90522,0.93758,0.64193,1.12091,0.49048,0.01008,0.000572179,0.000572179,0.000572179
139,8921.85,1.02984,0.48403,0.00589,0.94482,0.89773,0.93757,0.64083,1.12364,0.48493,0.01011,0.00056704,0.00056704,0.00056704
140,8982.66,1.03124,0.49551,0.00583,0.93672,0.90514,0.93733,0.64164,1.12244,0.48939,0.01011,0.000561894,0.000561894,0.000561894
141,9043.51,1.02543,0.47682,0.00581,0.94644,0.90245,0.93754,0.64109,1.12895,0.48008,0.01019,0.000556742,0.000556742,0.000556742
142,9107.63,1.03094,0.49231,0.00579,0.94085,0.90494,0.93741,0.64053,1.1316,0.47903,0.01029,0.000551584,0.000551584,0.000551584
143,9174.49,1.01907,0.47895,0.00578,0.9401,0.90295,0.93883,0.64179,1.12969,0.47583,0.01028,0.000546421,0.000546421,0.000546421
144,9241.96,1.00756,0.46888,0.00582,0.9272,0.91746,0.93855,0.6414,1.12958,0.47764,0.01026,0.000541253,0.000541253,0.000541253
145,9307.44,1.00515,0.47258,0.00576,0.93386,0.91147,0.94189,0.64447,1.12982,0.48783,0.01027,0.000536081,0.000536081,0.000536081
146,9369.34,0.99771,0.47067,0.00575,0.93078,0.90884,0.93831,0.64442,1.128,0.49163,0.01027,0.000530906,0.000530906,0.000530906
147,9430.02,1.00584,0.47617,0.00577,0.93026,0.90853,0.93889,0.64176,1.12614,0.49023,0.0103,0.000525728,0.000525728,0.000525728
148,9493.89,1.01679,0.50661,0.00578,0.9338,0.90524,0.93747,0.64273,1.13006,0.48347,0.01036,0.000520548,0.000520548,0.000520548
149,9559.47,1.01628,0.47396,0.00581,0.93151,0.91079,0.93865,0.64156,1.12674,0.492,0.01032,0.000515366,0.000515366,0.000515366
150,9626.76,1.02142,0.47648,0.00571,0.93073,0.90803,0.93662,0.64098,1.12351,0.48832,0.01026,0.000510184,0.000510184,0.000510184
151,9692.13,1.0005,0.47466,0.00554,0.93608,0.90577,0.93566,0.64088,1.12121,0.49325,0.01021,0.000505,0.000505,0.000505
152,9757.02,1.00501,0.46743,0.00571,0.93792,0.90514,0.93495,0.64254,1.11721,0.48779,0.01016,0.000499816,0.000499816,0.000499816
153,9820.21,0.99754,0.46608,0.0056,0.93277,0.91187,0.93569,0.64388,1.11663,0.48702,0.01014,0.000494634,0.000494634,0.000494634
154,9885.32,1.00838,0.47311,0.0056,0.93305,0.91166,0.93679,0.64377,1.11568,0.48573,0.01012,0.000489452,0.000489452,0.000489452
155,9949.98,1.00417,0.47705,0.00566,0.93895,0.91437,0.93898,0.64526,1.1148,0.48217,0.01012,0.000484272,0.000484272,0.000484272
156,10012,0.9906,0.45901,0.00562,0.93242,0.91315,0.93803,0.64345,1.11282,0.4871,0.01012,0.000479094,0.000479094,0.000479094
157,10076.9,0.99836,0.47039,0.00541,0.94083,0.90817,0.93809,0.6452,1.11285,0.48267,0.01014,0.000473919,0.000473919,0.000473919
158,10126.3,0.98751,0.46495,0.00554,0.92941,0.91017,0.93734,0.64453,1.11553,0.48482,0.01016,0.000468747,0.000468747,0.000468747
159,10179.1,0.99606,0.45062,0.00555,0.92654,0.91527,0.93743,0.64348,1.11508,0.48278,0.01018,0.000463579,0.000463579,0.000463579
160,10234,0.99397,0.45802,0.00554,0.92629,0.91705,0.93981,0.64388,1.11448,0.48371,0.01019,0.000458416,0.000458416,0.000458416
161,10283.7,0.97642,0.4466,0.00545,0.93754,0.90399,0.93996,0.64432,1.11148,0.48557,0.01012,0.000453258,0.000453258,0.000453258
162,10338.9,0.97844,0.44879,0.00556,0.9333,0.90957,0.93974,0.64376,1.1095,0.48213,0.01006,0.000448106,0.000448106,0.000448106
163,10399.3,0.9775,0.44712,0.00548,0.92937,0.91263,0.94041,0.6447,1.11098,0.47874,0.01008,0.00044296,0.00044296,0.00044296
164,10460.6,0.98044,0.45542,0.00543,0.92586,0.91764,0.94062,0.64341,1.11129,0.4811,0.01003,0.000437821,0.000437821,0.000437821
165,10524.3,0.96936,0.44559,0.00534,0.93234,0.91276,0.94036,0.6438,1.11121,0.48143,0.01003,0.000432689,0.000432689,0.000432689
166,10588.7,0.98133,0.45269,0.00543,0.93405,0.91231,0.94206,0.64371,1.11179,0.4777,0.01001,0.000427565,0.000427565,0.000427565
167,10651.9,0.96708,0.45396,0.00533,0.93455,0.91187,0.93957,0.64444,1.11333,0.47166,0.01002,0.000422449,0.000422449,0.000422449
168,10712.6,0.97386,0.45248,0.00534,0.93386,0.91314,0.93909,0.6424,1.11446,0.47547,0.01002,0.000417343,0.000417343,0.000417343
169,10774.1,0.97805,0.44633,0.00553,0.93688,0.90901,0.93947,0.64414,1.11441,0.46978,0.01002,0.000412246,0.000412246,0.000412246
170,10835.5,0.96149,0.43186,0.00524,0.93763,0.90895,0.9384,0.64423,1.11246,0.4738,0.01,0.00040716,0.00040716,0.00040716
171,10899.1,0.9671,0.43118,0.00537,0.93818,0.9045,0.93925,0.64449,1.11408,0.47184,0.01002,0.000402084,0.000402084,0.000402084
172,10963.5,0.95552,0.42888,0.00545,0.94142,0.90788,0.93958,0.6426,1.11391,0.47162,0.01003,0.000397019,0.000397019,0.000397019
173,11027.9,0.96132,0.43752,0.00528,0.93826,0.91027,0.93876,0.64431,1.11281,0.47462,0.00999,0.000391966,0.000391966,0.000391966
174,11090,0.94989,0.42889,0.00514,0.94272,0.90803,0.9387,0.64384,1.11187,0.47753,0.00998,0.000386926,0.000386926,0.000386926
175,11151.4,0.95602,0.43738,0.00539,0.94656,0.9075,0.9385,0.64405,1.11159,0.47438,0.00998,0.000381899,0.000381899,0.000381899
176,11212.9,0.95455,0.42405,0.00517,0.94222,0.90942,0.93851,0.64296,1.11335,0.4756,0.00999,0.000376885,0.000376885,0.000376885
177,11274.8,0.94738,0.43923,0.00524,0.94301,0.90885,0.93843,0.64257,1.1119,0.47698,0.01001,0.000371885,0.000371885,0.000371885
178,11338.9,0.95423,0.41933,0.00515,0.94176,0.90523,0.93778,0.64349,1.11179,0.48113,0.00999,0.000366899,0.000366899,0.000366899
179,11402.9,0.93097,0.41065,0.00515,0.94889,0.89895,0.93807,0.64316,1.10983,0.48019,0.00997,0.000361929,0.000361929,0.000361929
180,11463.8,0.96221,0.43272,0.00523,0.94643,0.90336,0.93868,0.64483,1.11097,0.47946,0.00998,0.000356975,0.000356975,0.000356975
181,11523.4,0.93909,0.42612,0.00515,0.9441,0.90751,0.93855,0.64384,1.11123,0.47689,0.00998,0.000352037,0.000352037,0.000352037
182,11584.2,0.94854,0.43427,0.00515,0.94505,0.90803,0.93897,0.64533,1.11023,0.47651,0.00998,0.000347115,0.000347115,0.000347115
183,11645.2,0.91762,0.4085,0.00502,0.94853,0.90751,0.9392,0.64465,1.11073,0.47559,0.00997,0.000342211,0.000342211,0.000342211
184,11709.7,0.90692,0.41861,0.00503,0.94925,0.90656,0.9395,0.64441,1.11142,0.47418,0.00997,0.000337325,0.000337325,0.000337325
185,11772.6,0.92799,0.42099,0.00502,0.94631,0.90514,0.93956,0.64341,1.11147,0.47564,0.00996,0.000332457,0.000332457,0.000332457
186,11835.7,0.91931,0.41052,0.00513,0.94496,0.90974,0.94113,0.64419,1.11048,0.4748,0.00996,0.000327608,0.000327608,0.000327608
187,11898.9,0.91064,0.40226,0.00515,0.9448,0.91067,0.94071,0.6445,1.11028,0.47723,0.00995,0.000322778,0.000322778,0.000322778
188,11961,0.91519,0.39624,0.005,0.94098,0.91196,0.94059,0.64411,1.11087,0.47461,0.00996,0.000317969,0.000317969,0.000317969
189,12023,0.90837,0.4114,0.00493,0.94173,0.91191,0.94231,0.64469,1.11076,0.47348,0.00997,0.00031318,0.00031318,0.00031318
190,12085.1,0.91772,0.40021,0.00499,0.93921,0.91535,0.94263,0.64485,1.11022,0.47303,0.00995,0.000308412,0.000308412,0.000308412
191,12138.8,0.90549,0.4058,0.00502,0.93745,0.91586,0.94238,0.64432,1.11213,0.47346,0.00998,0.000303665,0.000303665,0.000303665
192,12193.3,0.90948,0.40228,0.00487,0.94131,0.91066,0.94225,0.64476,1.11109,0.47351,0.00998,0.000298941,0.000298941,0.000298941
193,12247.6,0.91016,0.41327,0.00494,0.94153,0.90866,0.94183,0.64445,1.11075,0.47704,0.00996,0.000294239,0.000294239,0.000294239
194,12297.1,0.91911,0.40243,0.00496,0.94152,0.90814,0.94185,0.64471,1.11089,0.4771,0.00997,0.000289561,0.000289561,0.000289561
195,12357.9,0.90306,0.39221,0.00482,0.9433,0.91025,0.94385,0.64565,1.11143,0.47707,0.00998,0.000284906,0.000284906,0.000284906
196,12421.6,0.89587,0.39422,0.00503,0.93972,0.91115,0.9434,0.64575,1.11095,0.47762,0.00998,0.000280275,0.000280275,0.000280275
197,12485.3,0.88655,0.39494,0.00478,0.94064,0.91378,0.94193,0.64565,1.11223,0.47692,0.00999,0.000275668,0.000275668,0.000275668
198,12547.7,0.91141,0.40491,0.00489,0.94291,0.9094,0.94261,0.64631,1.11239,0.47401,0.00998,0.000271087,0.000271087,0.000271087
199,12608.4,0.91626,0.39908,0.00496,0.94322,0.91134,0.94292,0.64609,1.11204,0.47372,0.00999,0.000266532,0.000266532,0.000266532
200,12669.3,0.89831,0.3926,0.00487,0.94118,0.91378,0.94319,0.64602,1.11176,0.47413,0.00999,0.000262003,0.000262003,0.000262003
201,12730.2,0.89754,0.39507,0.00485,0.94087,0.91449,0.94588,0.64737,1.11142,0.47671,0.00998,0.0002575,0.0002575,0.0002575
202,12793,0.88544,0.38418,0.00466,0.94137,0.91124,0.94604,0.64712,1.11042,0.48213,0.00998,0.000253024,0.000253024,0.000253024
203,12856.2,0.88034,0.38579,0.00471,0.93952,0.91586,0.94579,0.64604,1.11214,0.47698,0.01,0.000248577,0.000248577,0.000248577
204,12916.5,0.88002,0.38535,0.00469,0.95089,0.90581,0.94596,0.64628,1.11088,0.4759,0.00999,0.000244157,0.000244157,0.000244157
205,12976.7,0.89774,0.39235,0.00475,0.94858,0.90951,0.94344,0.64537,1.11166,0.47357,0.01,0.000239766,0.000239766,0.000239766
206,13037.5,0.87454,0.37627,0.00465,0.94481,0.91133,0.94341,0.64602,1.1108,0.47476,0.00999,0.000235404,0.000235404,0.000235404
207,13099.1,0.8783,0.39494,0.00477,0.95072,0.90541,0.94352,0.64544,1.11078,0.47415,0.00999,0.000231071,0.000231071,0.000231071
208,13163.3,0.85531,0.37272,0.00457,0.95091,0.90924,0.94632,0.64599,1.11182,0.47331,0.01,0.000226769,0.000226769,0.000226769
209,13227.2,0.8753,0.38687,0.00456,0.95063,0.90881,0.9461,0.64631,1.11219,0.47432,0.01,0.000222497,0.000222497,0.000222497
210,13291,0.8741,0.38233,0.0047,0.95265,0.90523,0.94408,0.64562,1.11212,0.47428,0.01001,0.000218256,0.000218256,0.000218256
211,13353.3,0.87065,0.3904,0.0046,0.94965,0.90566,0.94337,0.64541,1.11203,0.47427,0.01002,0.000214046,0.000214046,0.000214046
212,13415.6,0.87409,0.38718,0.00478,0.94824,0.90477,0.94353,0.64544,1.11291,0.4733,0.01002,0.000209869,0.000209869,0.000209869
213,13478.4,0.86807,0.37261,0.00467,0.9492,0.90294,0.94348,0.645,1.11296,0.47218,0.01003,0.000205723,0.000205723,0.000205723
214,13542.8,0.86791,0.37387,0.00464,0.95198,0.90301,0.94322,0.64394,1.1131,0.47259,0.01003,0.000201611,0.000201611,0.000201611
215,13599.6,0.86421,0.37224,0.00457,0.95448,0.90088,0.94335,0.64419,1.11376,0.47061,0.01005,0.000197532,0.000197532,0.000197532
216,13652.8,0.84881,0.37684,0.00454,0.95083,0.90661,0.9437,0.64489,1.11323,0.46989,0.01004,0.000193486,0.000193486,0.000193486
217,13705.8,0.8605,0.36831,0.00454,0.94916,0.90909,0.94369,0.64453,1.11369,0.46954,0.01005,0.000189475,0.000189475,0.000189475
218,13759.6,0.86676,0.38464,0.0046,0.95105,0.91001,0.94372,0.64413,1.11443,0.46916,0.01006,0.000185498,0.000185498,0.000185498
219,13816.4,0.86238,0.39107,0.00473,0.94602,0.91335,0.9438,0.64424,1.11396,0.4711,0.01005,0.000181557,0.000181557,0.000181557
220,13880.5,0.84725,0.36441,0.00452,0.94631,0.91043,0.94351,0.64472,1.11249,0.47128,0.01005,0.000177651,0.000177651,0.000177651
221,13943.8,0.83722,0.36349,0.00438,0.94461,0.91398,0.94357,0.64478,1.11384,0.47069,0.01006,0.00017378,0.00017378,0.00017378
222,14005.6,0.86784,0.37536,0.00457,0.94514,0.91167,0.94361,0.64596,1.11305,0.47314,0.01005,0.000169946,0.000169946,0.000169946
223,14068.5,0.84407,0.36417,0.00444,0.94382,0.91063,0.94326,0.6451,1.11325,0.47314,0.01008,0.000166149,0.000166149,0.000166149
224,14131.7,0.84555,0.36597,0.00453,0.93863,0.91793,0.94354,0.64493,1.11333,0.47256,0.01007,0.000162389,0.000162389,0.000162389
225,14195.1,0.83992,0.36199,0.0044,0.94555,0.91137,0.9429,0.64463,1.11357,0.47114,0.01008,0.000158667,0.000158667,0.000158667
226,14258.1,0.84484,0.36233,0.00456,0.94503,0.91198,0.94198,0.64441,1.11241,0.47447,0.01007,0.000154982,0.000154982,0.000154982
227,14321.3,0.84914,0.35226,0.00451,0.94508,0.91269,0.94184,0.64413,1.11291,0.4723,0.01008,0.000151336,0.000151336,0.000151336
228,14384.6,0.83237,0.3622,0.00439,0.9449,0.91111,0.94178,0.64401,1.11343,0.47096,0.01009,0.000147729,0.000147729,0.000147729
229,14448.4,0.83539,0.35595,0.0043,0.94693,0.91219,0.94286,0.64442,1.11344,0.47167,0.01009,0.000144161,0.000144161,0.000144161
230,14513.3,0.83943,0.36302,0.00445,0.94817,0.91188,0.94328,0.64504,1.11304,0.47295,0.01009,0.000140632,0.000140632,0.000140632
231,14578.3,0.83945,0.37337,0.00442,0.94733,0.91183,0.94288,0.64448,1.11386,0.47295,0.01009,0.000137143,0.000137143,0.000137143
232,14642,0.82651,0.35358,0.00431,0.94626,0.91229,0.94205,0.64408,1.11283,0.47461,0.01009,0.000133695,0.000133695,0.000133695
233,14704.1,0.83182,0.36859,0.00451,0.94591,0.91167,0.94228,0.64388,1.11409,0.47171,0.0101,0.000130287,0.000130287,0.000130287
234,14766.8,0.83747,0.35323,0.0044,0.94674,0.91218,0.94278,0.64419,1.1146,0.47002,0.01011,0.000126921,0.000126921,0.000126921
235,14830,0.82506,0.35016,0.00435,0.94414,0.91034,0.94139,0.64406,1.11447,0.47175,0.01011,0.000123596,0.000123596,0.000123596
236,14893.6,0.83039,0.36421,0.00434,0.9447,0.91008,0.9417,0.64353,1.1152,0.47225,0.01011,0.000120313,0.000120313,0.000120313
237,14957.7,0.821,0.3548,0.00426,0.94335,0.91115,0.94155,0.64339,1.11438,0.47335,0.01011,0.000117072,0.000117072,0.000117072
238,15022.6,0.81803,0.35188,0.00423,0.94164,0.90901,0.94121,0.64402,1.11527,0.47531,0.01014,0.000113873,0.000113873,0.000113873
239,15087.7,0.82364,0.35009,0.00431,0.93251,0.9212,0.94386,0.64589,1.11415,0.47372,0.0101,0.000110718,0.000110718,0.000110718
240,15152.8,0.82648,0.35218,0.00426,0.94248,0.91115,0.94235,0.64492,1.11504,0.47155,0.01014,0.000107605,0.000107605,0.000107605
241,15216.9,0.82178,0.35292,0.00439,0.93512,0.91656,0.94198,0.64429,1.11528,0.4721,0.01015,0.000104537,0.000104537,0.000104537
242,15280.5,0.82353,0.35819,0.00435,0.93252,0.92178,0.94256,0.64388,1.11543,0.47395,0.01015,0.000101512,0.000101512,0.000101512
243,15344,0.81234,0.34437,0.00412,0.93372,0.92126,0.94337,0.64506,1.1154,0.4732,0.01015,9.85311e-05,9.85311e-05,9.85311e-05
244,15407.3,0.80903,0.34866,0.00423,0.93538,0.91809,0.94332,0.64537,1.11528,0.47297,0.01015,9.55951e-05,9.55951e-05,9.55951e-05
245,15471.4,0.8186,0.34306,0.00427,0.93864,0.91831,0.94385,0.64538,1.11609,0.47185,0.01016,9.2704e-05,9.2704e-05,9.2704e-05
246,15535.4,0.81533,0.35019,0.00423,0.94046,0.91565,0.94394,0.64601,1.11616,0.47123,0.01016,8.98581e-05,8.98581e-05,8.98581e-05
247,15599.5,0.801,0.34097,0.0042,0.94172,0.91479,0.94418,0.64571,1.11632,0.47264,0.01016,8.70577e-05,8.70577e-05,8.70577e-05
248,15663.1,0.80296,0.34765,0.00415,0.93356,0.92016,0.94403,0.64533,1.11618,0.47673,0.01016,8.43031e-05,8.43031e-05,8.43031e-05
249,15726.6,0.80166,0.3542,0.00414,0.94296,0.91572,0.94394,0.64507,1.1171,0.47262,0.01017,8.15947e-05,8.15947e-05,8.15947e-05
250,15789,0.8046,0.33786,0.0043,0.94943,0.90904,0.94391,0.64526,1.1179,0.47508,0.01018,7.89327e-05,7.89327e-05,7.89327e-05
251,15850.7,0.80367,0.34782,0.00412,0.94667,0.91048,0.94426,0.64461,1.11802,0.47518,0.01018,7.63174e-05,7.63174e-05,7.63174e-05
